19
21
17
19
29
47
39
73
105
121
135
148
177
234
231
271
305
343
374
392
402
431
500
506
521
493
511
545
527
569
559
569
572
586
540
545
560
583
510
534
519
501
468
425
438
421
429
393
407
344
386
337
381
314
314
332
322
300
301
286
277
269
263
269
231
239
251
247
236
226
224
209
227
221
218
216
219
195
188
189
197
180
192
187
164
169
169
157
175
182
171
161
173
172
163
172
185
185
191
172
182
159
167
159
146
146
141
133
150
136
135
138
139
135
144
130
123
141
117
118
119
101
115
92
132
127
103
106
20
115
100
115
105
102
91
116
112
128
113
114
108
104
121
133
106
115
98
121
116
113
101
134
127
125
117
155
129
132
139
160
146
152
164
158
169
155
125
145
128
121
148
122
138
132
126
137
123
144
141
182
212
229
231
317
361
379
445
473
505
521
544
525
471
518
564
632
785
937
1063
1041
875
693
520
471
422
413
367
385
390
424
396
400
322
322
265
227
241
242
261
260
299
298
327
366
377
404
408
374
410
501
640
762
706
470
268
136
108
83
64
65
45
23
25
18
13
4
6
0
0
0
0
0
0
0
0
0
