0
0
0
0
0
0
0
1
1
1
2
3
3
4
5
6
7
9
10
12
13
15
17
19
21
23
25
27
29
31
33
36
38
40
42
44
47
49
51
53
55
57
59
60
62
64
65
67
69
70
71
73
74
75
77
78
79
80
82
83
84
85
86
87
88
89
90
91
92
92
93
94
95
96
97
98
98
99
100
101
101
102
103
104
104
105
106
106
107
108
108
109
110
110
111
112
112
113
114
114
115
116
116
117
118
118
119
119
120
120
121
121
122
122
123
124
124
125
125
125
126
126
127
127
128
128
129
129
129
130
130
130
131
131
132
132
132
133
133
134
134
135
135
136
136
136
137
137
138
138
139
139
140
140
141
141
142
142
143
143
144
145
145
146
146
147
148
148
149
149
150
150
151
151
152
152
153
153
154
155
155
156
157
158
160
161
163
165
167
169
171
173
175
177
179
182
185
188
192
197
200
203
205
207
208
210
211
213
214
216
217
219
220
222
223
223
224
225
226
227
229
230
231
232
234
235
237
239
240
242
245
248
250
252
253
254
254
254
255
255
255
255
255
255
255
255
256
256
256
256
256
256
256
256
256
256
