0.000289917
0.000610352
0.000869751
0.00115967
0.00160217
0.00231934
0.00291443
0.00402832
0.00563049
0.00747681
0.00953674
0.011795
0.0144958
0.0180664
0.0215912
0.0257263
0.0303802
0.035614
0.0413208
0.0473022
0.0534363
0.0600128
0.0676422
0.0753632
0.083313
0.0908356
0.0986328
0.106949
0.11499
0.123672
0.132202
0.140884
0.149612
0.158554
0.166794
0.17511
0.183655
0.192551
0.200333
0.208481
0.2164
0.224045
0.231186
0.237671
0.244354
0.250778
0.257324
0.263321
0.269531
0.27478
0.28067
0.285812
0.291626
0.296417
0.301208
0.306274
0.311188
0.315765
0.320358
0.324722
0.328949
0.333054
0.337067
0.341171
0.344696
0.348343
0.352173
0.355942
0.359543
0.362991
0.366409
0.369598
0.373062
0.376434
0.379761
0.383057
0.386398
0.389374
0.392242
0.395126
0.398132
0.400879
0.403809
0.406662
0.409164
0.411743
0.414322
0.416718
0.419388
0.422165
0.424774
0.427231
0.429871
0.432495
0.434982
0.437607
0.44043
0.443253
0.446167
0.448792
0.451569
0.453995
0.456543
0.458969
0.461197
0.463425
0.465576
0.467606
0.469894
0.47197
0.47403
0.476135
0.478256
0.480316
0.482513
0.484497
0.486374
0.488525
0.490311
0.492111
0.493927
0.495468
0.497223
0.498627
0.500641
0.502579
0.50415
0.505768
0.506073
0.507828
0.509354
0.511108
0.512711
0.514267
0.515656
0.517426
0.519135
0.521088
0.522812
0.524551
0.526199
0.527786
0.529633
0.531662
0.533279
0.535034
0.53653
0.538376
0.540146
0.54187
0.543411
0.545456
0.547394
0.549301
0.551086
0.553452
0.55542
0.557434
0.559555
0.561996
0.564224
0.566544
0.569046
0.571457
0.574036
0.576401
0.578308
0.580521
0.582474
0.58432
0.586578
0.58844
0.590546
0.59256
0.594482
0.596573
0.59845
0.600647
0.602798
0.605576
0.60881
0.612305
0.615829
0.620667
0.626175
0.631958
0.638748
0.645966
0.653671
0.661621
0.669922
0.677933
0.68512
0.693024
0.70163
0.711273
0.723251
0.737549
0.753769
0.769653
0.783005
0.793579
0.801514
0.808701
0.81514
0.821442
0.827042
0.832916
0.838867
0.845337
0.851379
0.857483
0.862396
0.86731
0.871353
0.874817
0.878494
0.882187
0.886169
0.890137
0.894699
0.899246
0.904236
0.909821
0.915573
0.921738
0.927963
0.93367
0.939926
0.947571
0.957336
0.968964
0.979736
0.986908
0.990997
0.993073
0.99472
0.995987
0.996964
0.997955
0.998642
0.998993
0.999374
0.999649
0.999847
0.999908
1
1
1
1
1
1
1
1
1
1
