0.00143433
0.00378418
0.00802612
0.0109406
0.0138702
0.0168762
0.0195923
0.0220032
0.0243835
0.0267792
0.0287933
0.0310211
0.0334473
0.0358734
0.0384064
0.0402679
0.0422516
0.0442047
0.0462799
0.0483246
0.0506592
0.0528107
0.0548859
0.0567932
0.059082
0.0609436
0.0631561
0.0652313
0.0675354
0.0695953
0.0719147
0.0742493
0.0766449
0.0792847
0.0823517
0.0854187
0.0887299
0.0913086
0.0942841
0.0971527
0.100479
0.103394
0.106461
0.110001
0.113342
0.116745
0.119919
0.123993
0.127548
0.131439
0.135513
0.139221
0.142944
0.147232
0.151642
0.156067
0.160446
0.164948
0.169662
0.173965
0.179382
0.184616
0.189621
0.194931
0.200897
0.206543
0.21283
0.218918
0.225693
0.232544
0.238693
0.245667
0.252716
0.259216
0.266159
0.2733
0.28038
0.287781
0.294815
0.302139
0.309891
0.317566
0.325394
0.333649
0.341629
0.349609
0.357574
0.364807
0.372513
0.380142
0.387817
0.394897
0.402618
0.410172
0.417709
0.425064
0.432175
0.43956
0.446808
0.454285
0.461731
0.470291
0.478561
0.486237
0.493973
0.501785
0.510635
0.518616
0.52774
0.536728
0.546021
0.554962
0.56369
0.572952
0.582291
0.59259
0.603226
0.614014
0.624786
0.634491
0.645004
0.654739
0.664749
0.674393
0.683533
0.692856
0.702713
0.712433
0.715485
0.724731
0.734543
0.743698
0.752563
0.76152
0.770782
0.780273
0.789795
0.79866
0.807938
0.816849
0.825851
0.834778
0.844452
0.853928
0.863144
0.871628
0.879181
0.885895
0.8927
0.8992
0.90419
0.90918
0.914246
0.918472
0.922501
0.926193
0.929749
0.93309
0.935898
0.938934
0.941742
0.944275
0.947083
0.949448
0.952133
0.954575
0.95694
0.958832
0.960907
0.962555
0.964371
0.966415
0.968414
0.969894
0.971573
0.973587
0.975189
0.976669
0.978119
0.979614
0.980896
0.982361
0.983505
0.984756
0.986099
0.987061
0.98819
0.989197
0.990082
0.990891
0.991714
0.992523
0.993195
0.993881
0.99437
0.994919
0.995407
0.995804
0.996353
0.996841
0.997101
0.997375
0.997559
0.997803
0.998016
0.998138
0.998306
0.998444
0.998581
0.998703
0.99881
0.998978
0.999054
0.999161
0.999237
0.999329
0.999374
0.999451
0.999512
0.999557
0.999588
0.999603
0.99968
0.999695
0.99971
0.999756
0.999802
0.999817
0.999832
0.999847
0.999878
0.999893
0.999908
0.999939
0.999954
0.999954
0.999954
0.999954
0.999954
0.999954
0.999985
0.999985
0.999985
0.999985
1
1
1
1
1
1
1
1
1
1
1
1
