0
0
0
0
0
0
0
0
0
0
0
0
0
0
0
1
1
1
1
1
1
1
2
2
2
2
2
2
2
2
3
3
3
3
4
4
4
5
5
5
6
6
6
6
7
7
7
7
7
8
8
8
8
8
9
9
9
9
9
10
10
10
10
11
11
11
12
12
12
13
13
13
14
14
14
15
15
16
16
17
17
18
18
19
19
20
20
21
22
22
23
24
24
25
26
27
27
28
29
30
30
31
32
33
33
34
35
36
37
37
38
39
39
40
40
41
42
42
43
44
44
45
46
46
47
48
48
49
49
50
50
51
51
52
53
53
54
54
54
55
55
56
56
57
57
58
58
58
59
59
60
60
61
61
62
62
63
63
64
64
65
65
66
67
67
68
68
69
70
70
71
72
72
73
74
74
75
76
77
77
78
79
80
81
82
83
84
85
87
88
90
92
94
97
99
102
106
109
113
117
121
126
132
137
143
149
155
161
167
173
180
187
195
202
209
214
218
222
227
231
235
240
244
248
252
255
255
255
255
255
255
255
255
256
256
256
256
256
256
256
256
256
256
256
256
256
256
256
256
256
256
256
256
256
256
256
