0
0
0
1
4
8
15
17
18
9
24
22
30
37
35
37
40
45
35
44
36
39
27
36
33
33
36
40
26
40
49
51
61
78
67
86
99
84
82
73
77
73
64
52
44
51
57
36
50
58
49
46
62
44
45
59
57
50
61
53
69
61
74
62
72
79
77
76
72
111
71
96
108
102
95
140
106
126
105
126
110
127
131
140
141
138
137
163
174
192
164
189
169
211
176
182
155
195
210
184
192
193
181
205
213
210
195
213
172
186
183
166
169
162
151
165
158
174
172
169
150
184
204
159
152
167
164
173
29
153
144
144
149
153
151
128
124
117
95
117
120
116
98
101
116
116
110
123
117
130
132
102
117
115
131
106
124
126
149
151
139
128
146
154
177
151
180
160
175
162
170
162
157
164
180
186
174
198
203
192
211
194
234
222
226
282
338
352
352
408
474
511
537
612
675
749
820
883
945
1034
1170
1290
1347
1403
1518
1545
1585
1505
1450
1555
1708
1893
2048
1860
1688
1337
1109
1026
1132
1077
1154
1137
971
1151
970
710
110
27
30
9
10
4
2
1
0
0
0
0
0
0
0
0
0
0
0
0
0
0
0
0
0
0
0
0
0
0
