5.73972e-42
5.73972e-42
5.73972e-42
1.52588e-05
7.62939e-05
0.000198364
0.000427246
0.000686646
0.000961304
0.00109863
0.00146484
0.00180054
0.0022583
0.00282288
0.00335693
0.00392151
0.00453186
0.00521851
0.00575256
0.00642395
0.00697327
0.00756836
0.00798035
0.00852966
0.0090332
0.00953674
0.0100861
0.0106964
0.0110931
0.0117035
0.0124512
0.0132294
0.0141602
0.0153503
0.0163727
0.0176849
0.0191956
0.0204773
0.0217285
0.0228424
0.0240173
0.0251312
0.0261078
0.0269012
0.0275726
0.0283508
0.0292206
0.0297699
0.0305328
0.0314178
0.0321655
0.0328674
0.0338135
0.0344849
0.0351715
0.0360718
0.0369415
0.0377045
0.0386353
0.039444
0.0404968
0.0414276
0.0425568
0.0435028
0.0446014
0.0458069
0.0469818
0.0481415
0.0492401
0.0509338
0.0520172
0.0534821
0.05513
0.0566864
0.058136
0.0602722
0.0618896
0.0638123
0.0654144
0.067337
0.0690155
0.0709534
0.0729523
0.0750885
0.07724
0.0793457
0.0814362
0.0839233
0.0865784
0.0895081
0.0920105
0.0948944
0.0974731
0.100693
0.103378
0.106155
0.108521
0.111496
0.1147
0.117508
0.120438
0.123383
0.126144
0.129272
0.132523
0.135727
0.138702
0.141953
0.144577
0.147415
0.150208
0.15274
0.155319
0.157791
0.160095
0.162613
0.165024
0.167679
0.170303
0.172882
0.175171
0.177979
0.181091
0.183517
0.185837
0.188385
0.190887
0.193527
0.19397
0.196304
0.198502
0.200699
0.202972
0.205307
0.207611
0.209564
0.211456
0.213242
0.214691
0.216476
0.218307
0.220078
0.221573
0.223114
0.224884
0.226654
0.228333
0.230209
0.231995
0.233978
0.235992
0.237549
0.239334
0.241089
0.243088
0.244705
0.246597
0.24852
0.250793
0.253098
0.255219
0.257172
0.259399
0.261749
0.26445
0.266754
0.269501
0.271942
0.274612
0.277084
0.279678
0.28215
0.284546
0.287048
0.289795
0.292633
0.295288
0.298309
0.301407
0.304337
0.307556
0.310516
0.314087
0.317474
0.320923
0.325226
0.330383
0.335754
0.341125
0.347351
0.354584
0.362381
0.370575
0.379913
0.390213
0.401642
0.414154
0.427628
0.442047
0.457825
0.475677
0.495361
0.515915
0.537323
0.560486
0.584061
0.608246
0.63121
0.653336
0.677063
0.703125
0.73201
0.76326
0.791641
0.817398
0.837799
0.854721
0.870377
0.88765
0.904083
0.921692
0.939041
0.953857
0.97142
0.986221
0.997055
0.998734
0.999146
0.999603
0.999741
0.999893
0.999954
0.999985
1
1
1
1
1
1
1
1
1
1
1
1
1
1
1
1
1
1
1
1
1
1
1
