0
0
2
2
3
4
5
5
6
6
7
7
8
9
9
10
10
11
11
12
12
13
14
14
15
15
16
16
17
17
18
19
19
20
21
21
22
23
24
24
25
26
27
28
29
29
30
31
32
33
34
35
36
37
38
39
41
42
43
44
45
47
48
49
51
52
54
56
57
59
61
62
64
66
68
69
71
73
75
77
79
81
83
85
87
89
91
93
95
97
99
101
103
105
106
108
110
112
114
116
118
120
122
124
126
128
130
132
135
137
139
142
144
146
149
151
154
157
159
162
165
167
170
172
174
177
179
182
183
185
188
190
192
194
197
199
202
204
206
209
211
213
216
218
220
223
225
226
228
230
231
232
234
235
236
237
238
238
239
240
241
241
242
243
243
244
244
245
245
246
246
247
247
248
248
249
249
250
250
250
251
251
251
252
252
252
252
253
253
253
253
254
254
254
254
254
254
254
255
255
255
255
255
255
255
255
255
255
255
255
255
255
255
255
255
255
255
255
255
255
255
255
255
255
255
255
255
255
255
255
255
255
255
255
255
255
255
255
255
255
255
255
255
255
256
256
256
256
256
256
256
256
256
256
256
256
