94
154
278
191
192
197
178
158
156
157
132
146
159
159
166
122
130
128
136
134
153
141
136
125
150
122
145
136
151
135
152
153
157
173
201
201
217
169
195
188
218
191
201
232
219
223
208
267
233
255
267
243
244
281
289
290
287
295
309
282
355
343
328
348
391
370
412
399
444
449
403
457
462
426
455
468
464
485
461
480
508
503
513
541
523
523
522
474
505
500
503
464
506
495
494
482
466
484
475
490
488
561
542
503
507
512
580
523
598
589
609
586
572
607
612
675
697
707
706
636
689
638
656
632
599
611
646
637
200
606
643
600
581
587
607
622
624
581
608
584
590
585
634
621
604
556
495
440
446
426
327
327
332
277
264
242
233
219
184
199
184
166
184
155
176
160
155
124
136
108
119
134
131
97
110
132
105
97
95
98
84
96
75
82
88
63
74
66
58
53
54
53
44
45
32
36
32
26
36
32
17
18
12
16
14
8
11
9
9
8
7
11
5
7
5
6
3
5
4
3
2
1
5
1
1
3
3
1
1
1
2
1
1
2
1
0
0
0
0
0
2
0
0
0
1
0
0
0
0
0
0
0
0
0
0
0
