1
0.923956
0.707388
0.383235
0.000796274
-0.381764
-0.706262
-0.923345
-0.999999
-0.924564
-0.708513
-0.384706
-0.00238894
0.380291
0.705133
0.922733
0.999995
0.925169
0.709636
0.386175
0.00398124
-0.378818
-0.704003
-0.922118
-0.999989
-0.925773
-0.710757
-0.387643
-0.00557353
0.377344
0.702871
0.9215
0.99998
0.926374
0.711877
0.389111
0.00716677
-0.375868
-0.701738
-0.920881
-0.999968
-0.926972
-0.712994
-0.390578
-0.00875902
0.374392
0.700602
0.920259
0.999954
0.927569
0.71411
0.392044
0.0103522
-0.372914
-0.699466
-0.919635
-0.999938
-0.928162
-0.715223
-0.393507
-0.0119435
0.371437
0.698326
0.919008
0.999919
0.928754
0.716336
0.394972
0.0135366
-0.369957
-0.697185
-0.918378
-0.999897
-0.929343
-0.717447
-0.396433
-0.0151278
0.368478
0.696043
0.917747
0.999873
0.92993
0.718554
0.397897
0.0167209
-0.366995
-0.694898
-0.917114
-0.999847
-0.930514
-0.719662
-0.399355
-0.0183139
0.365516
0.693752
0.916478
0.999817
0.931096
0.720767
0.400815
0.0199069
-0.364032
-0.692603
-0.915839
-0.999786
-0.931676
-0.72187
-0.402274
-0.021496
0.362548
0.691456
0.915199
0.999752
0.932254
0.722969
0.403732
0.0230888
-0.361063
-0.690304
-0.914555
-0.999715
-0.932829
-0.724069
-0.405189
-0.0246816
0.359576
0.68915
0.91391
