Real: 
-0.000499241
-0.000507486
-0.000533208
-0.00058246
-0.00066859
-0.000824926
-0.00115283
-0.0021631
0.499827
0.00190785
0.000906875
0.00057604
0.000412838
0.00031656
0.000253485
0.000209403
0.000176745
0.00015209
0.000132778
0.000117234
0.00010465
9.41001e-05
8.54156e-05
7.7965e-05
7.16175e-05
6.61486e-05
6.1333e-05
5.72045e-05
5.34657e-05
5.02508e-05
4.73565e-05
4.47797e-05
4.25041e-05
4.0372e-05
3.85457e-05
3.68108e-05
3.52707e-05
3.38764e-05
3.26093e-05
3.14978e-05
3.03809e-05
2.94453e-05
2.85609e-05
2.77356e-05
2.70028e-05
2.6304e-05
2.56876e-05
2.50421e-05
2.45872e-05
2.41351e-05
2.36806e-05
2.33576e-05
2.29179e-05
2.25365e-05
2.23057e-05
2.20942e-05
2.18749e-05
2.16846e-05
2.15499e-05
2.14446e-05
2.13109e-05
2.1126e-05
2.11035e-05
2.11382e-05
2.0985e-05
2.11382e-05
2.11035e-05
2.1126e-05
2.13109e-05
2.14446e-05
2.15499e-05
2.16846e-05
2.18749e-05
2.20942e-05
2.23057e-05
2.25365e-05
2.29179e-05
2.33576e-05
2.36806e-05
2.41351e-05
2.45872e-05
2.50421e-05
2.56876e-05
2.6304e-05
2.70028e-05
2.77356e-05
2.85609e-05
2.94453e-05
3.03809e-05
3.14978e-05
3.26093e-05
3.38764e-05
3.52707e-05
3.68108e-05
3.85457e-05
4.0372e-05
4.25041e-05
4.47797e-05
4.73565e-05
5.02508e-05
5.34657e-05
5.72045e-05
6.1333e-05
6.61486e-05
7.16175e-05
7.7965e-05
8.54156e-05
9.41001e-05
0.00010465
0.000117234
0.000132778
0.00015209
0.000176745
0.000209403
0.000253485
0.00031656
0.000412838
0.00057604
0.000906875
0.00190785
0.499827
-0.0021631
-0.00115283
-0.000824926
-0.00066859
-0.00058246
-0.000533208
-0.000507486


Imaginary: 
0
8.79927e-07
1.75819e-06
2.85791e-06
4.33001e-06
6.64365e-06
1.11396e-05
2.42984e-05
-0.0063714
-2.71538e-05
-1.42029e-05
-9.89521e-06
-7.62899e-06
-6.30442e-06
-5.37928e-06
-4.6053e-06
-4.12906e-06
-3.72904e-06
-3.38711e-06
-3.11871e-06
-2.91556e-06
-2.63404e-06
-2.45645e-06
-2.32775e-06
-2.16692e-06
-2.06454e-06
-1.90038e-06
-1.77385e-06
-1.68727e-06
-1.65327e-06
-1.51038e-06
-1.42464e-06
-1.36532e-06
-1.28102e-06
-1.19067e-06
-1.16954e-06
-1.13785e-06
-1.06744e-06
-1.00389e-06
-9.45227e-07
-8.97295e-07
-8.56014e-07
-8.30976e-07
-7.67189e-07
-7.27961e-07
-6.76658e-07
-5.86122e-07
-5.86336e-07
-5.67681e-07
-5.11591e-07
-5.07929e-07
-4.11724e-07
-3.12526e-07
-4.09114e-07
-4.18419e-07
-3.65035e-07
-3.17348e-07
-2.4916e-07
-2.89613e-07
-1.84671e-07
-6.48856e-08
-9.27886e-08
-1.00653e-07
-6.91699e-10
0
6.91699e-10
1.00653e-07
9.27886e-08
6.48856e-08
1.84671e-07
2.89613e-07
2.4916e-07
3.17348e-07
3.65035e-07
4.18419e-07
4.09114e-07
3.12526e-07
4.11724e-07
5.07929e-07
5.11591e-07
5.67681e-07
5.86336e-07
5.86122e-07
6.76658e-07
7.27961e-07
7.67189e-07
8.30976e-07
8.56014e-07
8.97295e-07
9.45227e-07
1.00389e-06
1.06744e-06
1.13785e-06
1.16954e-06
1.19067e-06
1.28102e-06
1.36532e-06
1.42464e-06
1.51038e-06
1.65327e-06
1.68727e-06
1.77385e-06
1.90038e-06
2.06454e-06
2.16692e-06
2.32775e-06
2.45645e-06
2.63404e-06
2.91556e-06
3.11871e-06
3.38711e-06
3.72904e-06
4.12906e-06
4.6053e-06
5.37928e-06
6.30442e-06
7.62899e-06
9.89521e-06
1.42029e-05
2.71538e-05
0.0063714
-2.42984e-05
-1.11396e-05
-6.64365e-06
-4.33001e-06
-2.85791e-06
-1.75819e-06
-8.79927e-07


Magnitude: 
0.000499241
0.000507487
0.000533211
0.000582467
0.000668604
0.000824953
0.00115289
0.00216324
0.499868
0.00190804
0.000906986
0.000576125
0.000412909
0.000316623
0.000253542
0.000209453
0.000176793
0.000152136
0.000132821
0.000117276
0.00010469
9.41369e-05
8.54509e-05
7.79997e-05
7.16503e-05
6.61808e-05
6.13624e-05
5.7232e-05
5.34923e-05
5.02779e-05
4.73806e-05
4.48024e-05
4.2526e-05
4.03924e-05
3.85641e-05
3.68294e-05
3.5289e-05
3.38933e-05
3.26247e-05
3.1512e-05
3.03941e-05
2.94577e-05
2.8573e-05
2.77462e-05
2.70126e-05
2.63127e-05
2.56943e-05
2.50489e-05
2.45938e-05
2.41405e-05
2.36861e-05
2.33612e-05
2.292e-05
2.25402e-05
2.23096e-05
2.20972e-05
2.18772e-05
2.1686e-05
2.15519e-05
2.14454e-05
2.1311e-05
2.11262e-05
2.11038e-05
2.11382e-05
2.0985e-05
2.11382e-05
2.11038e-05
2.11262e-05
2.1311e-05
2.14454e-05
2.15519e-05
2.1686e-05
2.18772e-05
2.20972e-05
2.23096e-05
2.25402e-05
2.292e-05
2.33612e-05
2.36861e-05
2.41405e-05
2.45938e-05
2.50489e-05
2.56943e-05
2.63127e-05
2.70126e-05
2.77462e-05
2.8573e-05
2.94577e-05
3.03941e-05
3.1512e-05
3.26247e-05
3.38933e-05
3.5289e-05
3.68294e-05
3.85641e-05
4.03924e-05
4.2526e-05
4.48024e-05
4.73806e-05
5.02779e-05
5.34923e-05
5.7232e-05
6.13624e-05
6.61808e-05
7.16503e-05
7.79997e-05
8.54509e-05
9.41369e-05
0.00010469
0.000117276
0.000132821
0.000152136
0.000176793
0.000209453
0.000253542
0.000316623
0.000412909
0.000576125
0.000906986
0.00190804
0.499868
0.00216324
0.00115289
0.000824953
0.000668604
0.000582467
0.000533211
0.000507487


