Real: 
0
0.000191793
0
-0.000576284
0
0.00096358
0
-0.0013556
0
0.00175435
0
-0.00216201
0
0.0025809
0
-0.00301362
0
0.00346304
0
-0.00393248
0
0.00442573
0
-0.00494721
0
0.00550218
0
-0.00609694
0
0.00673911
0
-0.00743812
0
0.00820572
0
-0.00905686
0
0.0100108
0
-0.0110929
0
0.0123373
0
-0.013791
0
0.0155208
0
-0.0176247
0
0.0202531
0
-0.0236488
0
0.0282307
0
-0.0347906
0
0.0450246
0
-0.0633421
0
0.105911
0
-0.318246
0.5
-0.318246
0
0.105911
0
-0.0633421
0
0.0450246
0
-0.0347906
0
0.0282307
0
-0.0236488
0
0.0202531
0
-0.0176247
0
0.0155208
0
-0.013791
0
0.0123373
0
-0.0110929
0
0.0100108
0
-0.00905686
0
0.00820572
0
-0.00743812
0
0.00673911
0
-0.00609694
0
0.00550218
0
-0.00494721
0
0.00442573
0
-0.00393248
0
0.00346304
0
-0.00301362
0
0.0025809
0
-0.00216201
0
0.00175435
0
-0.0013556
0
0.00096358
0
-0.000576284
0
0.000191793


Imaginary: 
0
-0.0078125
0
0.0078125
0
-0.0078125
0
0.0078125
0
-0.0078125
0
0.0078125
0
-0.0078125
0
0.0078125
0
-0.0078125
0
0.0078125
0
-0.0078125
0
0.0078125
0
-0.0078125
0
0.0078125
0
-0.0078125
0
0.0078125
0
-0.0078125
0
0.0078125
0
-0.0078125
0
0.0078125
0
-0.0078125
0
0.0078125
0
-0.0078125
0
0.0078125
0
-0.00781251
0
0.0078125
0
-0.0078125
0
0.0078125
0
-0.0078125
0
0.0078125
0
-0.0078125
0
0.00781249
0
-0.00781249
0
0.0078125
0
-0.0078125
0
0.0078125
0
-0.0078125
0
0.0078125
0
-0.0078125
0
0.00781251
0
-0.0078125
0
0.0078125
0
-0.0078125
0
0.0078125
0
-0.0078125
0
0.0078125
0
-0.0078125
0
0.0078125
0
-0.0078125
0
0.0078125
0
-0.0078125
0
0.0078125
0
-0.0078125
0
0.0078125
0
-0.0078125
0
0.0078125
0
-0.0078125
0
0.0078125
0
-0.0078125
0
0.0078125
0
-0.0078125
0
0.0078125
0
-0.0078125
0
0.0078125


Magnitude: 
0
0.00781485
0
0.00783373
0
0.0078717
0
0.00792924
0
0.00800705
0
0.00810614
0
0.00822777
0
0.00837359
0
0.00854563
0
0.0087464
0
0.00897899
0
0.00924716
0
0.00955558
0
0.00990998
0
0.0103175
0
0.0107871
0
0.01133
0
0.0119608
0
0.0126985
0
0.0135679
0
0.0146029
0
0.0158501
0
0.0173761
0
0.0192786
0
0.0217077
0
0.0249058
0
0.0292918
0
0.035657
0
0.0456973
0
0.0638221
0
0.106199
0
0.318342
0.5
0.318342
0
0.106199
0
0.0638221
0
0.0456973
0
0.035657
0
0.0292918
0
0.0249058
0
0.0217077
0
0.0192786
0
0.0173761
0
0.0158501
0
0.0146029
0
0.0135679
0
0.0126985
0
0.0119608
0
0.01133
0
0.0107871
0
0.0103175
0
0.00990998
0
0.00955558
0
0.00924716
0
0.00897899
0
0.0087464
0
0.00854563
0
0.00837359
0
0.00822777
0
0.00810614
0
0.00800705
0
0.00792924
0
0.0078717
0
0.00783373
0
0.00781485


Phase: 
-nan
-1.54625
-nan
-1.49717
-nan
-1.44808
-nan
-1.39899
-nan
-1.3499
-nan
-1.30082
-nan
-1.25173
-nan
-1.20264
-nan
-1.15355
-nan
-1.10447
-nan
-1.05538
-nan
-1.00629
-nan
-0.957204
-nan
-0.908117
-nan
-0.859029
-nan
-0.809942
-nan
-0.760855
-nan
-0.711767
-nan
-0.66268
-nan
-0.613592
-nan
-0.564505
-nan
-0.515418
-nan
-0.46633
-nan
-0.417243
-nan
-0.368156
-nan
-0.319068
-nan
-0.269981
-nan
-0.220893
-nan
-0.171806
-nan
-0.122718
-nan
-0.0736311
-nan
-0.0245437
0
0.0245437
-nan
0.0736311
-nan
0.122718
-nan
0.171806
-nan
0.220893
-nan
0.269981
-nan
0.319068
-nan
0.368156
-nan
0.417243
-nan
0.46633
-nan
0.515418
-nan
0.564505
-nan
0.613592
-nan
0.66268
-nan
0.711767
-nan
0.760855
-nan
0.809942
-nan
0.859029
-nan
0.908117
-nan
0.957204
-nan
1.00629
-nan
1.05538
-nan
1.10447
-nan
1.15355
-nan
1.20264
-nan
1.25173
-nan
1.30082
-nan
1.3499
-nan
1.39899
-nan
1.44808
-nan
1.49717
-nan
1.54625


